θ: 2.88660683143078 °
distance: 1.5522343354583188 meters
socre: 0.09588999570433629