θ: 6.771328688983272 °
distance: 1.270885486317868 meters
socre: 0.21094251669689765