θ: 1.7746468768448111 °
distance: 0.12366179739407786 meters
socre: 0.05900555187901085