θ: 1.8118480010616118 °
distance: 0.12352321734296928 meters
socre: 0.06017913523015416