θ: 1.9804568764952861 °
distance: 0.3543076181036042 meters
socre: 0.06680841521617044