θ: 3.669582140684958 °
distance: 1.934530708758666 meters
socre: 0.12030519313294814