θ: 1.7823434232856101 °
distance: 0.12189171206112487 meters
socre: 0.05920876409072781