θ: 2.5940368190634575 °
distance: 0.38411100847884005 meters
socre: 0.08659866522721169