θ: 4.96201761364887 °
distance: 0.8799770908083083 meters
socre: 0.15921896077236694