θ: 7.294008147610618 °
distance: 1.7228800801186375 meters
socre: 0.2253155020560656