θ: 7.488086278638304 °
distance: 2.0690294292397455 meters
socre: 0.2305896217773734