θ: 1.0026760526928407 °
distance: 0.017159779231613385 meters
socre: 0.02913366069715733