θ: 1.0204321912532068 °
distance: 0.026987625531685187 meters
socre: 0.03151252165068765