θ: 7.531848139426663 °
distance: 1.4669020919775821 meters
socre: 0.23177421173105073