θ: 2.2383799613344766 °
distance: 0.7582089633555029 meters
socre: 0.07517808404260763