θ: 1.787435479256855 °
distance: 0.12042687094496649 meters
socre: 0.05933517387416503