θ: 2.585516220306333 °
distance: 1.1635326836272875 meters
socre: 0.08632667859044302