θ: 8.323074064199982 °
distance: 2.3055960782254097 meters
socre: 0.2529008019696499
