θ: 1.7746365681330987 °
distance: 0.12340785968904289 meters
socre: 0.05899953767136599