θ: 2.0857421664351348 °
distance: 0.5709232740627748 meters
socre: 0.07023389259553776