θ: 1.8936259432853557 °
distance: 0.21052432982129818 meters
socre: 0.06397402502776316