θ: 0.9987261848122102 °
distance: 0.017233013131419256 meters
socre: 0.029058692173935963