θ: 2.3691055930477933 °
distance: 0.9174493167055426 meters
socre: 0.07939200285036771