θ: 1.8379023975392685 °
distance: 0.144157150023235 meters
socre: 0.061427824349872116