θ: 1.7762364753005209 °
distance: 0.12266375858278632 meters
socre: 0.05903336209776948