θ: 1.0029093280007635 °
distance: 0.017175685651031204 meters
socre: 0.029143824797425933