θ: 1.7966498647737892 °
distance: 0.12082992304620788 meters
socre: 0.05963561166453414